3.0	3.5	4.0	4.5	5.0	5.5	6.0	6.5	7.0	7.5	8.0
0.015765335308776763	0.018491752783848698	0.022377507654350755	0.02801913801879492	0.03547682020431281	0.04647384316455672	0.06139955199911601	0.08230780043629458	0.10880283465878594	0.1423192499287821	0.17952387498558434
0.03149655347866802	0.03692641809678743	0.044536864121640464	0.05508705973592526	0.06906214327951313	0.08864812993392339	0.11383909617522091	0.14562463930334313	0.182707338600386	0.22337708137741757	0.26407496502248934
0.04715962238794169	0.0551188037049177	0.06628208071841715	0.08112273788374072	0.10057356025127288	0.12649166387685715	0.15803534966593108	0.19501381362457584	0.2352493221303654	0.2761384532480806	0.3158521322264377
0.06257631192562264	0.0730976294287518	0.08734157165513609	0.10616215617279535	0.13001523285211464	0.16041036297048822	0.1955262135635472	0.23463458598702208	0.2750211923502858	0.31460492453648203	0.3528463948797828
0.07781753662028734	0.0907707922060554	0.10776060725687561	0.12982261798107772	0.15735193391946567	0.19068192171884601	0.22747506904962253	0.26720533647814987	0.3069403601124631	0.3451406050439485	0.3817819978207894
0.09281290405298868	0.10805600951917733	0.1276701020577145	0.15240240457828128	0.18253210521193639	0.21778579558100603	0.25542991171154694	0.2948918327903959	0.3335077923809886	0.37052876684208785	0.4058885905234392
0.10776079460216467	0.12492073100501896	0.14685611163812387	0.17375916667846944	0.20583161810808714	0.24216483038659736	0.2799002764193308	0.31897356515927766	0.3564754696015667	0.39227079844310536	0.42656586818770986
0.1224585909749661	0.14136287544195686	0.16538776522102994	0.19397867405455124	0.2275443033858846	0.2643189715917351	0.3019009765230074	0.340320083617494	0.37671894566791647	0.41159802637410225	0.4447432035627359
0.13690961074715885	0.15738211921272519	0.18321957163059283	0.2131258884888787	0.24763957605440692	0.2847509513313332	0.3218612510002534	0.3594924528605768	0.3949310057468625	0.4288274045908766	0.46093945646281403
0.15107352511642427	0.17299508783534212	0.20034219844600687	0.23131325973145744	0.26647262592929477	0.30352459781384855	0.34006344217005613	0.3769059539569466	0.41135657505824225	0.4444748663771969	0.47569013418735556
0.16498651441730566	0.18825407118776777	0.21682660330935624	0.2485719771509808	0.28411896306226614	0.3209662017221982	0.35687939819843945	0.392865990344154	0.4265226193777747	0.45874966607079287	0.4892392903904527
0.17870048137272887	0.20307018847983924	0.23261617327795175	0.2649871729870012	0.30065437426498937	0.3372144260045913	0.3725333744199704	0.40773247750489694	0.44058059194666627	0.47200071213420053	0.5017851369722472
0.19214601396902664	0.2175049153891833	0.24783950964580653	0.2806733189521695	0.3163428571909217	0.3524420813208505	0.3871023394917763	0.42159643359915666	0.4536819939619675	0.48436062298608523	0.513462975925241
0.20533345109585688	0.23149816681048868	0.2624590730988961	0.2956401219990062	0.3311011587458059	0.36684563989862434	0.4008605099184267	0.4345859500532069	0.4660109582085722	0.49596318459184885	0.5243920242424818
0.2182266117392688	0.2451882777959637	0.2766501009518789	0.31002622824652804	0.3451049731680678	0.3803728975619665	0.4138426963293634	0.4468876160463564	0.4775888835971846	0.5069558417343818	0.5347475434659856
0.23092599038290376	0.25842941421956594	0.2902628914468578	0.323762166984037	0.358448957873985	0.3932909677390779	0.4261510320115048	0.458555028864073	0.4885543294900159	0.5173221391226708	0.5445354424127972
0.24332084170493848	0.2713955990276759	0.303479924170917	0.3368195443983331	0.3713024869657003	0.4055462716634034	0.437856294214682	0.4696681726414148	0.4990109958854172	0.5272550171270199	0.5538590378944408
0.25549585818766385	0.28399570883235764	0.31622019050176153	0.34948999863899466	0.38358206955854296	0.4172666170571487	0.4490086734407526	0.4802099299214025	0.508998688181157	0.536648174108184	0.5627513965098523
0.267422436536427	0.2962566480065894	0.3285917738545413	0.36170856278132063	0.39543996458322234	0.4285131135436978	0.45962524788328274	0.49033248298530235	0.5185101344869844	0.5456594893753124	0.5712502764167352
0.2791348255980343	0.30826513841632613	0.34053781174392767	0.3734397996663829	0.4068421609570276	0.4393025977062533	0.469899964338226	0.5000156522061712	0.5276617458349273	0.5543054289773357	0.5794559454776737
0.29056795926244816	0.3199126439673357	0.3522045555097102	0.38478769383157363	0.4177421451070024	0.44969944546594387	0.47979330783775426	0.5093864852048955	0.53653380974494	0.5626222385074825	0.5873106986198232
0.30183654954134526	0.33126368149381213	0.36356229636858717	0.39577128752715857	0.4283213575302145	0.4598040294429874	0.4893502002063315	0.5183760143740652	0.5450246098979638	0.570611958896511	0.5948685877295442
0.31285225822293544	0.3423820773204185	0.37449924609830076	0.4064552892782649	0.4385070479231168	0.4695109133533049	0.49855937266578776	0.527087049752251	0.5532359362812126	0.5783973776354406	0.6021784196454282
0.32354978650169114	0.35324495030146036	0.38515588631162995	0.416766996804065	0.4483905843108757	0.4789207626086744	0.5074940459408414	0.5354952593854692	0.5611486727890311	0.5858567574863119	0.6092100533515583
0.33416318032218156	0.3637937723574457	0.39556676264569357	0.42683727217762396	0.4579822975564364	0.4879853315498809	0.5161417035281852	0.5436565192286277	0.5688246832409394	0.5930730948284502	0.6160701527010667
0.3445344485392201	0.374172223297999	0.40569078528544233	0.4366218966065123	0.4673176559907354	0.49682532768076315	0.5245146003408419	0.5515584952650101	0.5762399345965799	0.6001047823826329	0.622741015772617
0.3547121975378651	0.38434810829421423	0.4155774539607199	0.44615910601153036	0.47640472168151754	0.5054398849668039	0.5326478125311337	0.5592202624151394	0.5835226740326044	0.6069434655546784	0.6291850729407129
0.36470625348033825	0.3943133199155323	0.4252273847309821	0.4554199207264149	0.4852116784036503	0.5138142160808429	0.540553944092007	0.5667308324392727	0.5906017924126851	0.6136168599765802	0.6354736264093562
0.37455043605236665	0.40405274944135533	0.4346261214724349	0.46442346041164545	0.4938579821594862	0.5219450648819666	0.5482637889590423	0.5740231261231515	0.5975108096169821	0.6201296876178245	0.6415651601129276
0.38419341469931556	0.4136160138227587	0.4438144411223509	0.47324285643267444	0.5022849817957342	0.5298874224304271	0.5557834848378256	0.5811085913431708	0.6042207506653332	0.6264547045800488	0.6475274287755931
0.39374675779851576	0.42290143187856893	0.45282405679605653	0.4818581751636567	0.5104827500779529	0.5376391465070761	0.5631792104190833	0.588031274244396	0.6107607145300552	0.6326344360315862	0.6533733205013331
0.4030975221370229	0.43201925296096555	0.46162632864904235	0.49029447599505577	0.5184630242495762	0.545250305531063	0.5703587455321445	0.594783259762777	0.6171475616768602	0.6386771551468275	0.6590707147764794
0.41232483850624924	0.44099632085485196	0.4703250932212209	0.49857288644134873	0.5263055918846025	0.5526837862379735	0.577414186036998	0.6013999272679423	0.6234242321130208	0.6445844278001267	0.6646593696124286
0.4213422548600124	0.4498211632408578	0.4788265092178053	0.5067268201850291	0.5340176857858105	0.559973440108204	0.5842756039392784	0.6079140084576925	0.6295716877676363	0.6503666715837287	0.6701310628184806
0.430261890654295	0.4584527158446737	0.48714495265117774	0.514650212824271	0.541540619593135	0.5671082619175184	0.591003792512502	0.6142748115491841	0.6355473950605448	0.6560156736371123	0.675455253202129
0.43901603378154797	0.4669836188379556	0.49534483422479614	0.5224458274111292	0.5489091161125221	0.5740766725133312	0.5975722073984691	0.6204915054086129	0.6414193699297985	0.6615862223401789	0.6806841146157124
0.4476293244651184	0.4753409535186072	0.5033360967590849	0.5301062125804218	0.5561492514142424	0.580940657405407	0.6040399907185332	0.6265987937051851	0.647200936856061	0.6670351325972477	0.6858029001412276
0.4561802883365238	0.48356296359525835	0.511270122613989	0.5376193618157714	0.5632624175334223	0.5876862982886295	0.6103872545783726	0.6325784249646261	0.6528830470134378	0.6723540338991826	0.6908455151301487
0.46459076912124875	0.49171036151704844	0.5190379050249736	0.5450204230351785	0.5702438731350733	0.5943262333152615	0.6166478048996479	0.6385061523045985	0.6584319485920115	0.6775773278853974	0.6958019250285118
0.47284458952405445	0.4997004844335381	0.5266763956029799	0.5522678183885182	0.5771131168329198	0.6008063513070508	0.6227573259900726	0.6443025969893139	0.6639122590701151	0.6827372190339006	0.7006713804488495
0.4809828990406579	0.5075933723140359	0.5341306390419386	0.5593923763393381	0.5838841843068739	0.6071874735514159	0.6287549628141184	0.6500151174404872	0.6692855893354194	0.6878365282453646	0.7054567696391142
0.48904247061780565	0.5153210427464062	0.5415417679225122	0.5664288520078754	0.5905795925276098	0.6134871134244613	0.6346643997200203	0.6556470768813617	0.6745739981429981	0.692825281659354	0.7101677924069847
0.4969885848581143	0.5229794762732282	0.5488085932858853	0.5733522374198372	0.5971143860137915	0.6196681411421427	0.6404795790780187	0.6611805548206001	0.679777318962623	0.6977458753334492	0.7148066358414021
0.5048601568295671	0.5305309356316268	0.5559750038711809	0.580166139988653	0.6035789825445762	0.6257589477811614	0.6462552795709707	0.6666074949475426	0.6848943989978108	0.7025708274176401	0.7193873094344401
0.5125575684590491	0.5379967921162314	0.5630849022187845	0.5868689643351513	0.6099554578509497	0.631762586929088	0.6519465476043321	0.6719620411625022	0.6899570555026628	0.7073295636739642	0.7238814942020869
0.5202114736749384	0.5453196715590239	0.5700499842921928	0.5934725956848548	0.6162514193333616	0.6376782349781361	0.657546011681499	0.6772006003942385	0.6949180365719482	0.7120555267486652	0.7283305318082406
0.5277736559888319	0.552564456666903	0.5769489572716902	0.6000299073652774	0.6223951115273102	0.643506831069564	0.6630519932976399	0.6824531596033865	0.6998486326786691	0.716705770970704	0.7327050922194466
0.5352724930553985	0.5597195851030606	0.5837684708874584	0.6064615279898449	0.6285059664983889	0.6492252427532346	0.6685111297400366	0.6876015954617462	0.7047176063568992	0.7212688675385424	0.7369980513744947
0.5426986184252777	0.5667676672472617	0.5904960981765464	0.6128400599894578	0.6345000834109616	0.6549052735412911	0.6738725305187881	0.692695664162667	0.7095195890238727	0.7257892957415119	0.7412581889884435
0.5500427027452788	0.5737397353844793	0.5971443916025876	0.6191457921565624	0.6404332611943973	0.6605353264668024	0.6791952476834014	0.6976825180432064	0.7142726847586967	0.7302530736256682	0.7454560346316664
0.5572729494600404	0.5806841486041798	0.6036960324339042	0.6253420638412229	0.6463272226005521	0.6661018584261192	0.6844630685220662	0.7025935281200876	0.7189491083222862	0.734668926563863	0.7495887862344822
0.5644716000929842	0.5875145665985281	0.6101973293950554	0.6314619214079039	0.6521374485829681	0.6716115177578249	0.6896480903578567	0.7074923295828949	0.7235543267343926	0.7390382699266825	0.75370279639914
0.571550261893631	0.5942822021448484	0.6165845306943678	0.6375447005368353	0.6578470210818622	0.6770009796354695	0.694796309976879	0.7123167799115124	0.7281045205155172	0.7433575431382667	0.7577616762123679
0.5785482268131718	0.6009724072539198	0.6229042338115026	0.6435874962513554	0.6635102706242132	0.6823648528102872	0.6998522110268853	0.7170858067672412	0.7325947638605902	0.7476230772177641	0.7617810953717036
0.5855034718129786	0.607581600138714	0.6291743034113744	0.6495364630574868	0.6691374370054063	0.6876439820943074	0.7048598057624562	0.7218162908189049	0.7370457813910248	0.7518477498545361	0.7657444713195135
0.592378178555825	0.614118290127188	0.635390238175756	0.6553993996761781	0.6746731578930872	0.6929205947160578	0.709811944923497	0.7264902274101632	0.7414604529928521	0.7559942302054894	0.7696578436644397
0.5992160222288425	0.6206465235986148	0.6415399286530201	0.6612177098092267	0.6801619676948141	0.6981142706963481	0.7147272998057014	0.7311050469383957	0.7458274228256938	0.7601238950953737	0.773543718029394
0.60593439935297	0.6270933795857365	0.6476412730367213	0.6669642157608524	0.6856212485583016	0.7032598743856381	0.7195919409869161	0.7356958161666026	0.7501463706230379	0.7641852581177919	0.7773988876248892
0.6126377426157876	0.6334485138487682	0.6536805766194386	0.6726422728433299	0.6910032247931165	0.7083488460036468	0.7244056811770916	0.7402104177496924	0.7544328242996642	0.7682286285595131	0.7812025748177011
0.6192361690494268	0.6397459711160356	0.6596636415955452	0.6782991416884327	0.6963288153457128	0.7133564885875733	0.7291694795715652	0.7446956230530737	0.758683063839838	0.7722154102873277	0.7849791500598996
0.6257927769110745	0.6459847773549292	0.6655722731010257	0.68390246227318	0.7016108320715954	0.7183421987196226	0.7338931707984162	0.7491291319157729	0.7628515628743109	0.7761812931134118	0.7887178368526758
0.6322960916005181	0.6521526113547952	0.6714389260140113	0.6894070988285782	0.7068454828979446	0.7232544191612426	0.7385347311508125	0.7535377118476214	0.7670029976357406	0.7801173612403153	0.792417934070127
0.6387732374510665	0.658278367697789	0.6772545863506371	0.6948890986930388	0.7120171372720114	0.7281545084734431	0.7431750986957416	0.7578912326423582	0.7711309023683564	0.7839995606962041	0.7960949341488144
0.6452206156949221	0.6643491799922878	0.6830066936610704	0.7003649260585612	0.7171743403908593	0.7330183790579343	0.7477591150829983	0.7622339192738646	0.7752123615915761	0.7878190330567413	0.7997511859581095
0.651602688320333	0.6703733619860697	0.6887515978399368	0.7057851493340274	0.7222687747335536	0.7378184390338809	0.7523346741139362	0.7665472957692576	0.7792882834485322	0.791645179516336	0.8033724376503547
0.6579101599617257	0.6763733615255111	0.6944320227840278	0.7111310608612327	0.7273314890330396	0.7426376320093233	0.7568618030687234	0.7708146574929173	0.783331694661819	0.7954295452667615	0.8069760179833748
0.6642049196854652	0.6822824764041483	0.700061555870936	0.7164521136638281	0.7323425529850066	0.7473859172033618	0.7613472572464827	0.7750500550256388	0.7873210132285648	0.799191061144145	0.8105294402796099
0.6704160340007888	0.6881613630867517	0.7056191079757738	0.7217080995594644	0.7373276175259865	0.7521181451271716	0.7657975508548258	0.7792574041746787	0.7913045398289268	0.8029270307246291	0.8140631133016121
0.6765674097594847	0.6939942130646741	0.7111502301360185	0.7269435963968218	0.7422794251917689	0.7567603807796947	0.770215283585366	0.7834245040611505	0.7952323748577238	0.8066457967988598	0.8175565615980223
0.6827231004082064	0.6997891530402506	0.7166523172879627	0.7321308626303947	0.7471969796643466	0.7613896960403769	0.7746119872700771	0.7875600120264818	0.7991425014655017	0.8103331677013103	0.821048050008162
0.6888135875610274	0.705586509614828	0.7221281825100231	0.7372667770286898	0.7520638862771403	0.7659935270884253	0.7789673855714337	0.7916571539672438	0.8030204198001246	0.8140079876731661	0.8245070829113214
0.6948814374306417	0.711349654744876	0.727547852403511	0.7423969997043615	0.7569042677424026	0.7705978100136206	0.7832835820406198	0.7957236849827932	0.8068453450827742	0.8176599186933488	0.8279456753147812
0.7008925251018864	0.7170433438429312	0.7329690716058327	0.747495149753339	0.7617043413894383	0.7751268384508534	0.7875758975264638	0.7997440719394144	0.8106820413971768	0.8212526089454396	0.8313702035808269
0.7068734092853949	0.7227084866554079	0.7383095578824829	0.7525747904629884	0.7664795789305218	0.7796494348665445	0.7918402248242016	0.8037371607312931	0.8144787431378594	0.8248459432429186	0.8347734775128953
0.712817135147636	0.7283604932196727	0.7436328792188996	0.7576197095965238	0.77123784349879	0.7841412758148416	0.7960623850568906	0.8077315090255325	0.8182424450974062	0.8284123719426799	0.8381295760164732
0.7187070820764226	0.7339537494859486	0.7489168020850019	0.76260537100665	0.7759616187750462	0.7886038030587508	0.800300407256931	0.8117149769457764	0.8219929748381478	0.8319578587547528	0.8414648120325342
0.7245907422528687	0.7395139160955948	0.7541759767589116	0.7675772463151823	0.7806423277184233	0.7930070606796049	0.8044727308514275	0.8156721896202106	0.825705575071593	0.8354598552891503	0.8447878116633564
0.7304388521966748	0.7450357197480327	0.7594048117185273	0.772517923597021	0.7853101370934565	0.7973971595512239	0.8086441332098495	0.8195807530565349	0.829386277114534	0.8389550052114404	0.8480861609104884
0.736233862491263	0.7505165953588891	0.7645850326393911	0.7774246379164836	0.7899440463513461	0.8017799596761576	0.8127986497117988	0.8234713576286713	0.833063894636768	0.8424256014416684	0.8513607384210726
0.741965499903048	0.7559745139007935	0.7697555520281057	0.7823062008389817	0.7945514895203983	0.8061071379650828	0.8169258308438341	0.8273490688943858	0.8367114758040619	0.8459013338051882	0.8546125073950104
0.7476882121825045	0.7614120202933784	0.7748910051210633	0.7871595208246497	0.7991189237407251	0.8104180131884214	0.8210171831827389	0.8312042915401644	0.8403433347182294	0.8493541531914413	0.8578463937872192
0.7533940277389425	0.7668237910490759	0.7799850284904796	0.7920080275339875	0.8036592385824874	0.8147286443920918	0.8250754244914428	0.8350137965409286	0.8439727728123815	0.8527894122157585	0.8610755122022661
0.7590353151820899	0.7722490100447144	0.7850856142147234	0.7968089460021502	0.8082014981411779	0.8189931496485731	0.8291421077887069	0.8388226642042069	0.8475726179339975	0.8561767044032371	0.8642813517375265
0.764690213487635	0.7776047860162001	0.7901464815497297	0.801571337279168	0.8127063107765922	0.8232623340253552	0.8331348458194491	0.8426362074017052	0.851180594666494	0.859555886543844	0.8674739760369456
0.7703016710061876	0.78294117313823	0.7951822820633921	0.806340860785127	0.8172046704790494	0.8274852892513327	0.8371329101366721	0.8464180818310257	0.854754019349581	0.8629158666081054	0.8706477080124424
0.7759178265587768	0.7882806443027881	0.8002108412973195	0.8110549175420294	0.821672780102268	0.8317199180554314	0.8411302809270711	0.8501641334245263	0.8582917741913522	0.8662706955961472	0.8738154144159486
0.7815279525189842	0.7935611226281762	0.8051876266699466	0.8157385515198893	0.8261278230881229	0.8359186718453526	0.845097961179928	0.8538947592224543	0.8618199832660018	0.8696038029014656	0.8769625306868163
0.7870698542464006	0.7988177698048281	0.8101625416230772	0.8204435027654228	0.8305692355244787	0.8400853333754538	0.8490336734278512	0.857616060591711	0.8653365871545732	0.8729408787533606	0.8800794357548231
0.7926267863533001	0.804062380016196	0.8151244523090718	0.8251086057855513	0.8349870239853955	0.8442515547474138	0.8529769809250725	0.8613071088431754	0.8688257488171907	0.8762565195972212	0.8831946163398562
0.7981321998678997	0.8092780645583131	0.8200669583964747	0.8297477971686431	0.8393801340987678	0.8483876772280863	0.8569021227858081	0.8650032995645054	0.8723215964271167	0.8795578543871754	0.886307475675368
0.8036269529586589	0.8144983547779963	0.824955742554639	0.83438163302737	0.8437627676082959	0.8524964246008033	0.8608252851888047	0.8686796270660577	0.8758065468167736	0.8828355294009123	0.8894152707600795
0.8090826476151758	0.8196636967721117	0.8298365814917739	0.8389824554497014	0.8481203459368107	0.8565954533993617	0.864722456285771	0.8723459743093857	0.8792713199152484	0.8860877278600295	0.8925110997565456
0.8145177283390994	0.8248202387994105	0.8347211983249448	0.8435632557003954	0.8524364223254567	0.8607047877963947	0.8685835101580285	0.8759959426040291	0.8827258630116619	0.8893634225652013	0.895555233106296
0.8199587887831917	0.8299735710318847	0.8395642246008679	0.8481731814519942	0.8567549228002956	0.8647966115400814	0.8724238901584747	0.8796421455364152	0.8861531811073846	0.8926069624958393	0.8986211267135086
0.8253562710843305	0.8350684656040568	0.8443736299026349	0.8527494258310702	0.8610765030396331	0.8688655495537435	0.8762601291053328	0.8832623030001586	0.8895886240488677	0.8958593161393116	0.9016737810748751
0.8307553829654624	0.8401444768047969	0.8491968298789325	0.8573005339805204	0.8653625081185967	0.8729609993745291	0.8800911997920695	0.8868823223494084	0.8930172213404391	0.8990608572473825	0.9047105884901769
0.836129921267154	0.8452170791907758	0.8539913482632621	0.8618422846108834	0.8696565569491652	0.8770102066258827	0.8839077931299882	0.890489645469549	0.8964126790730161	0.9022600025458225	0.9077390305111789
0.8414802631397362	0.8502582353193919	0.8587742262218001	0.8663648320492092	0.8739333641567562	0.881042028318324	0.8877169706255917	0.894078020842242	0.8998041555288757	0.9054515261756082	0.9107552886560479
0.846829942175294	0.8553110285177022	0.863537529524643	0.8708678953530726	0.8781712391504596	0.8850337482484727	0.8915134512574413	0.8976622345672665	0.9031811058387341	0.9086616424204039	0.9137676385221238
0.8521526569136532	0.8603444752930013	0.8683099641343599	0.8753513417794693	0.8824173919919253	0.8890425468225032	0.8952951958999639	0.9012295294593434	0.9065427056497573	0.9118524510613574	0.9167768360182204
0.8574506772856454	0.8653661699215828	0.8730342629215657	0.879825211864884	0.8866442554411632	0.8930132863874889	0.8990585582782146	0.9047782218569332	0.909921087618422	0.9150198378613257	0.9197667272044429
0.8627590441775796	0.8703539297697747	0.8777444692847268	0.8843060291779383	0.8908586003919223	0.8970271278963194	0.9028076002558919	0.9083368874841291	0.9132609995664442	0.9181688923201267	0.9227631642422739
0.86804675912634	0.8753453225410244	0.8824678635880537	0.8887669945591048	0.8950676943482625	0.9009880414048956	0.9065702613976915	0.9118709430175995	0.9165999250326956	0.9213295117350229	0.9257435826789263
0.8732898434681592	0.8803358045882667	0.8871653569098173	0.8932041074738932	0.8992481687879265	0.9049501808742566	0.910292370889436	0.9154143837932761	0.9199293298337549	0.9244926956409049	0.9287091459498896
0.8785536163775323	0.885327106529166	0.891880739884225	0.8976070945744382	0.9034215449439682	0.9089033040125528	0.9140144350305078	0.9189356258894025	0.9232531314033662	0.9276113276167022	0.931671230368435
0.8838087102838095	0.8902818526424523	0.8965655528250546	0.902027565233846	0.9075978403051423	0.9128328776196106	0.9177440317173502	0.9224553867402219	0.9265795973119195	0.9307378994494624	0.9346163649474122
0.8890230143772658	0.8952198031163537	0.9012430444950594	0.9064369127092481	0.9117870515870313	0.9167615688128438	0.9214604269634223	0.9259663416432512	0.9299094534467165	0.9338742109653536	0.9375689173710493
0.8942631529369853	0.9001176932272226	0.9058996727876988	0.9108366772940586	0.9159454002348357	0.9206906055150923	0.9251619797652291	0.9294595579400629	0.9332243747617409	0.9370040236358766	0.940512332305003
0.8994721940422891	0.9050459062989439	0.9105480096418512	0.9152128161592511	0.9201056602120009	0.9245899441142308	0.9288504090913622	0.9329570845596692	0.9365159568756416	0.9400967320359572	0.9434519871040924
0.9046773126548983	0.909961042214358	0.9151851508205882	0.9196048986307859	0.9242054169342169	0.9285207167456816	0.9325476025220868	0.9364536445205033	0.9398089393553507	0.9431963400971016	0.9463809100380678
0.9098723136884763	0.9148753313342808	0.919820155863328	0.9239827909308644	0.9283743268057904	0.9324307617273243	0.9362421014011044	0.9399232015462253	0.9430964064542439	0.9463189199108123	0.9492962239408141
0.915055937330484	0.9197466729257417	0.9244744790869912	0.9283468019970268	0.9325161180751743	0.9363066608702841	0.9399328986825886	0.9434144215253492	0.9463783649258567	0.9494074813240883	0.9522283071794927
0.9202510083777795	0.9246143086834188	0.9291070963042933	0.9327043350310996	0.9366178887458394	0.9402121423968929	0.9436073633150079	0.9468898557237683	0.9496500259941536	0.9524918266676036	0.9551402798401715
0.9254367258412608	0.9295159130682116	0.9337205153222027	0.9370626019570452	0.9407342253351397	0.9440763166174495	0.9472772623394402	0.950350885739532	0.9529110052688794	0.9555856223408388	0.9580523002945484
0.9305992107969104	0.9344214026959285	0.938344689543271	0.941415047380494	0.9448335765302763	0.9479481317679282	0.9509260933915159	0.9538011021610683	0.9561654949383963	0.9586798951415266	0.9609852034754863
0.9357731357176217	0.9392949334262088	0.9429461329884682	0.9457403972397023	0.9489423188979355	0.95183050971287	0.9545798022612667	0.9572505906077927	0.9594320891496952	0.9617565865688921	0.9639001897519975
0.9409290344104635	0.9441533548856537	0.9475371170536095	0.9500779340823555	0.9530436849516332	0.9556942393898606	0.9582128070774396	0.9606926830830071	0.9626790648289971	0.9648235543179691	0.9668160746413913
0.9460446086296794	0.9490122637797371	0.9521139216644281	0.954387559851538	0.9571198049575952	0.9595628908736855	0.9618528758991212	0.9641121665000452	0.9659329375228535	0.9678984991910224	0.9696939073292519
0.9511761844359077	0.9538439630081268	0.9566755458158935	0.9587309633564486	0.961204892473682	0.9634045127016526	0.9654986818876036	0.9675651758824756	0.969192980079433	0.9709601935591842	0.9725975813874251
0.9562837128251187	0.9587061562464121	0.9612619062428354	0.9630569752868341	0.9652896769792281	0.9672590282111647	0.9691316759833969	0.9709867275241537	0.972417890675554	0.9740213801280645	0.9754687586768647
0.9614196422557991	0.9635640632101503	0.965840819494748	0.9673947151109601	0.9693768405131525	0.9711212900602945	0.9727730943589177	0.9744104817514748	0.9756595127816433	0.9770715157771888	0.978357408593623
0.9665595137739782	0.9684207338319014	0.970418503479837	0.971712451212629	0.9734605676754035	0.9749739397464792	0.9763998298138022	0.977841911760717	0.9788868264614214	0.9801048516549038	0.9812281564647791
0.9716686677630788	0.9732950282235231	0.974987529864848	0.9760353875468748	0.9775337311297422	0.9788470145638324	0.9800439337918909	0.9812814986442602	0.9821222454674836	0.9831554482074797	0.9840885455533884
0.9767964268527698	0.9781510987771144	0.9795698980623836	0.9803394494511786	0.981609238224441	0.9827027196678791	0.9836756199571288	0.9847053729564583	0.9853669915547811	0.9862182508582206	0.9869601336549411
0.9819154909369275	0.9829824277206493	0.9841406507024697	0.9846772000666736	0.9856841080289235	0.9865243113671547	0.9872808729545057	0.9881392723506562	0.9885979912814189	0.9892659487592947	0.989845877037422
0.9870433618988114	0.9878333752802898	0.9886963576701979	0.9889775000143649	0.9897602600862885	0.9903720341685995	0.9909127385459218	0.9915599419397991	0.9918248424704769	0.9923216309235602	0.9927344985380184
0.9921716531057017	0.9926748871644336	0.9932547794784585	0.9932927081179466	0.993822593626243	0.9941903978881245	0.9945429229814988	0.9949800891807258	0.9950580280212189	0.9953727044727612	0.995605319628522
0.997282979572965	0.9975084075372631	0.9978219757351787	0.9976026240326568	0.9978988774889421	0.9980264028165391	0.9981895024484176	0.9983953147635264	0.9982967109968778	0.998428288867025	0.9984909328572716
1.0023924632679109	1.0023438350985603	1.0023873958485132	1.0019030636339896	1.001973560061052	1.0018677333781072	1.0018265298440092	1.0018187374674599	1.0015278505741925	1.0014732799227688	1.0013754770846366
1.0075046066719064	1.0071779242952215	1.0069526635249049	1.0062149788621786	1.0060559814223777	1.0057212964876496	1.0054581488050003	1.0052525902968394	1.004761996186587	1.0045376446222336	1.0042551073715007
1.0126103485910247	1.0120204093671796	1.011487203930637	1.0105375107516963	1.0101077561080682	1.0095739607303198	1.0090934063783097	1.008670397920359	1.0080072916068124	1.007592496242415	1.0071321053239488
1.0177354993367036	1.0168763523525306	1.0160499243024417	1.0148549162461569	1.0141836185415485	1.0133931955424067	1.0127237100804887	1.0120867558904767	1.011245225743378	1.0106370121568726	1.0100293546263228
1.0228509079882135	1.0216792225302913	1.0206128782178996	1.0191890092518072	1.0182200583982477	1.0172529240213863	1.0163693052853684	1.0155235025096052	1.0144680033546791	1.0136865997242925	1.0129091095661475
1.0279563620445586	1.0265349520406313	1.025185305172263	1.0235012074806384	1.0223004267224642	1.0211062784907474	1.0199963969067574	1.0189336841925383	1.0177005125046417	1.016726406790201	1.0158006972414093
1.0331008363585343	1.0313716328209541	1.0297438169064679	1.0278286571536837	1.0263923642423063	1.0249408776687627	1.0236160981352804	1.0223571329856116	1.0209711903369765	1.019782463216107	1.0186790984428558
1.0382041462786222	1.0362070939586825	1.034319272469391	1.032147921217674	1.03046551696429	1.0287858777541319	1.0272537904307468	1.025792719356225	1.0242245812975994	1.0228372285209302	1.0215492495684821
1.0433473545510181	1.0410580183928309	1.0389001223452354	1.0364796476742222	1.0345661464716935	1.0326623238732335	1.0308829434709506	1.0292094377796495	1.0274687506692626	1.025898934844106	1.024436014042236
1.0485108167687858	1.0459283033447901	1.0434778740656123	1.0408378710628214	1.0386487625076815	1.0365173896195052	1.0345295935925034	1.0326452815286453	1.0307259436279863	1.0289417078630692	1.0273213570922217
1.053623938796288	1.050779430049597	1.0480815935292134	1.0451311455090802	1.0427342745633976	1.0403762003571244	1.0381707541261003	1.0360957069547485	1.0339737888408544	1.0320077319674246	1.0302205707149488
1.0587814876639585	1.0556574116747672	1.0526857920792891	1.0494880521061773	1.046853752638243	1.0442439947269133	1.041824022091443	1.0395448107880947	1.037229685325006	1.0350757748362038	1.0331186481881809
1.0639587561786292	1.0605361443014114	1.0572866096309157	1.0538481672627902	1.0509575962420967	1.048113583892744	1.0454771330991581	1.0429749939279025	1.0405014361821334	1.038149020660588	1.0360317501130765
1.0691118571526794	1.065421890007846	1.0618731727719637	1.0582087010879913	1.0550341802133727	1.0519988933852535	1.049126885951402	1.0464230545097157	1.0437672585256363	1.04123012528151	1.0389396602005885
1.0742668250475458	1.0703202173608268	1.0664859112436245	1.062575148205334	1.059144536164369	1.0558692408702262	1.0527671452236005	1.0498903650535574	1.047031661661889	1.0443100485711379	1.0418467121989403
1.0794889043161582	1.0752022069322797	1.0710793665986658	1.0669311140610545	1.0632483133590005	1.0597436072613862	1.0564611876015526	1.0533434236725792	1.0502956577712372	1.047405280063119	1.0447700867977388
1.0846811390008169	1.08008037610813	1.0757206755436257	1.0713202889768134	1.067377417117414	1.063644555939181	1.0601393236757455	1.056814710853687	1.0535563515523572	1.0505074172257485	1.0476854910801596
1.0898828338713438	1.0849970082165343	1.080343075384443	1.0756715127578753	1.071488195554675	1.0675490128752088	1.0638327420204763	1.0602782791385108	1.0568332386428656	1.0535940974093472	1.0506179594806826
1.09510392562941	1.08989078971032	1.0849672756455149	1.0800527143838892	1.0756302051212532	1.0714371268712974	1.0674947928184335	1.0637409832351374	1.0601251362802337	1.0567074837152186	1.0535364610771354
1.100289640684391	1.0948069525076884	1.089632261090063	1.0844345551241932	1.079776032312846	1.0753357090573328	1.0711739948390946	1.0672363357895558	1.063400287109424	1.0598153103138839	1.0564698623470188
1.105486969806487	1.099738262680978	1.0942862081756637	1.08883528000283	1.083944110887554	1.079235629373956	1.074862499932087	1.0707257178036622	1.0666822231772173	1.0629098848268128	1.0594195684012047
1.1107286637288822	1.1046753904575914	1.0989281081136435	1.0932321201239785	1.0880916268951824	1.0831595429695813	1.0785711343924271	1.0742049369795503	1.0699804944845033	1.066028412324683	1.0623685883451222
1.1159650419639207	1.1096082514317729	1.103600458266132	1.0976441300567465	1.092274763327169	1.087079983859994	1.0822794584488014	1.0777242618183243	1.073300012146604	1.0691543724326535	1.0652993419670171
1.1212076338609118	1.114556134165966	1.1082933614600328	1.102048095431037	1.0964757279525934	1.091019429505467	1.0859946335536144	1.0812238625049362	1.0766296827118305	1.0722784754980546	1.0682576283706813
1.1264919899446613	1.1195321694371576	1.112980312435857	1.1064979734727016	1.1006625188010235	1.0949770343527256	1.0897205166926656	1.0847562762114198	1.079956315683571	1.0754099296699497	1.0712276476058094
1.1317718930948502	1.124507746699842	1.117698113761052	1.1109494452803121	1.1048759639770103	1.098943623051499	1.0934682813033096	1.0882860500642308	1.0832873287858307	1.0785417077045265	1.0741968360902814
1.1371034200927543	1.1294941861727703	1.1224332615178954	1.1153954783808926	1.1090965425817103	1.1029127990784036	1.0972215753703383	1.091805414762922	1.0866302719067784	1.081703169886419	1.0771695588654215
1.1424045343685931	1.1345128415664143	1.1271504843792386	1.1198594281274916	1.113333665416161	1.1068968452989825	1.1009816444944953	1.0953536511038378	1.089969353121589	1.0848804190713088	1.0801536783002361
1.1477421521827953	1.139540949014425	1.131917720484608	1.1243744262881856	1.1175727666053286	1.1108761958217728	1.104758056780877	1.098907432243049	1.0933351795900876	1.0880424551570615	1.0831442199271422
1.1530948618189554	1.144573022902938	1.1366962508781449	1.1288585635922705	1.1218008305496243	1.1148814395281275	1.1085263052697025	1.1024844468761201	1.0967164959028117	1.0912267625710512	1.0861242245674125
1.1584580589726863	1.149642050512067	1.1414523463753246	1.1333702906631546	1.126043459150451	1.11889853544208	1.1123025041658352	1.1060476730267546	1.1000933914966586	1.0944084880939122	1.089118656280887
1.1638287540232428	1.1547328768513607	1.1462688838836188	1.1378918829674791	1.1303158320742501	1.1229242449822299	1.1160964519378216	1.1096433728777058	1.103492697203315	1.0975998039728971	1.092156516922572
1.169222462697595	1.1597984172766438	1.1510522806097596	1.142442800289746	1.1346048745205681	1.126946281533298	1.119894943016747	1.113231217680736	1.1068911391848588	1.1007962619315956	1.0951893159215143
1.1746574263307406	1.1648921375554135	1.1558659586108002	1.1469939776663587	1.138904068509709	1.1310149239222422	1.1237316212280493	1.116856352846098	1.1102897101301827	1.1040046567089556	1.0982266495248152
1.1800706273888266	1.170018110756559	1.1607002818257603	1.1515430377320885	1.1432084033286996	1.1350729736597962	1.1275786446184883	1.1204832871692274	1.1137057808211832	1.1072341182142558	1.1012858058549144
1.1855041847532315	1.1751424244305482	1.1655330134643134	1.1561038172150357	1.147546428953696	1.1391443630517324	1.131410575553248	1.124115665169229	1.1171546035322255	1.1104884228509382	1.104351759197993
1.1909515607075218	1.18029928216416	1.1703949957119941	1.1607027364723401	1.1518577140243265	1.1432247482502407	1.1352793860718808	1.1277700366207715	1.1206129257938608	1.1137500573808736	1.107429713140774
1.1964268085155085	1.1854924674728542	1.175276657626617	1.1653258261855406	1.156211032649694	1.147345990364746	1.1391609890447107	1.1314259675431726	1.1240874823816245	1.1170183301689767	1.1105202169131116
1.201938459238951	1.1906736600153058	1.1801618708471415	1.1699757222633616	1.1605895647201465	1.1514755121258131	1.1430769088235921	1.1351098599659217	1.1275819724654803	1.1202929498055614	1.1136133069584364
1.2074988616105349	1.1958990277557684	1.185094338026949	1.1746490488729546	1.1649559404393892	1.1556210327678909	1.1470133767376107	1.1387811718425105	1.131059458203502	1.1236155785614974	1.1167071514265856
1.2130408467892604	1.2011466630744074	1.1900657243958448	1.1792963602895241	1.1693498723096427	1.1597925608406092	1.1509411303342465	1.1425085327778943	1.1345644714631002	1.1269406469078103	1.119837015418269
1.21859375705449	1.2063978861266746	1.1950478505993967	1.183989111005405	1.1737699014421246	1.16397096214036	1.1549068827400015	1.1462434362992127	1.1380815422859674	1.1302870682237889	1.1229719026587281
1.224171097486703	1.2116964506488626	1.2000008960852415	1.188703141228577	1.1782237689313475	1.168182437854737	1.1588665940470713	1.1499734764803209	1.1416260614920533	1.1336393851439965	1.1261187876947747
1.2297776816148869	1.2170182977779942	1.2050210163586401	1.193459560860995	1.1826893863872927	1.172412253176877	1.1628633513886306	1.1537421698556245	1.1452066933420764	1.1369905268642846	1.129295247125028
1.2354375982170864	1.2223524762542426	1.2100532659346999	1.1982168760164051	1.1871688588719533	1.1766335642645922	1.1668596156850466	1.1575135011895141	1.1487791517416697	1.1403626133440818	1.1324651230019194
1.2411054036811064	1.2277034524082986	1.215091165646016	1.2030222755067455	1.1916880717330718	1.1809095925137991	1.1708774932033985	1.1613083768795103	1.15236880042922	1.1437458012768964	1.1356720334073163
1.2468103652321585	1.2331034239933865	1.220173370857463	1.2078352852531686	1.1962383105036196	1.1852014184654878	1.1749209539522734	1.1651198451287408	1.1559702755678245	1.147143889477585	1.138880228553159
1.2525460645517321	1.238534360907325	1.2252837016969949	1.2126398969272052	1.200807042603194	1.189526960020097	1.1789713101563724	1.1689425458020615	1.1595725621471165	1.1505622559619835	1.142118801058133
1.2583076775383661	1.2439625988379908	1.2304307425255179	1.217489915992529	1.2054142873119853	1.1938583414448163	1.183025589335502	1.1728055367317634	1.1631990852848588	1.154021161627728	1.1453554237564147
1.2641423931494493	1.249462211207495	1.2355845920986233	1.222373696246606	1.2099970925272672	1.1982110377027384	1.187138892109522	1.1766922841652898	1.16685228181351	1.1574867695382083	1.1486122255580868
1.26999511306462	1.2549711035903894	1.24079067100817	1.2272897635256776	1.214622201292415	1.20256155744742	1.1912786361930832	1.180586886475747	1.1705375950379704	1.1609628519060766	1.1518931408421782
1.2758774915722293	1.26051769573487	1.2460251755619092	1.2322215359815518	1.2192637771482326	1.206975098030356	1.1954213894813854	1.1844935842047712	1.1742244404680702	1.1644791674981385	1.1551939153080995
1.281769370555857	1.2661038626951462	1.2512881051753784	1.2372029665229822	1.2239351446374551	1.2113955819755382	1.1996087468074412	1.1884317714462729	1.1779518089083536	1.167996306673989	1.1585145388447025
1.2877209691636664	1.2717589898992627	1.2565624430720415	1.2422219450621534	1.228651736486446	1.2158181748555248	1.2038165606019355	1.192400139953435	1.1817037721914492	1.1715384419494637	1.161865124585838
1.2937106707268622	1.2773960729571185	1.261911853136872	1.247259477544059	1.2333973476726439	1.2202874282477947	1.208026052230327	1.1963895681413066	1.185463109575974	1.1751002245049758	1.1652180946622526
1.299726451889191	1.28308081376153	1.2672919542081218	1.2523106029816558	1.238184988825686	1.2247938543238828	1.212287986351708	1.2003857445451571	1.1892478970625218	1.1786839795619117	1.1686028065178695
1.3057749735547222	1.2887966595847191	1.272685570618933	1.2574106945800658	1.2429585532896301	1.2293404599058795	1.216575556184065	1.204452298738506	1.1930702820545325	1.182297793956821	1.1720117077463184
1.311908856966455	1.2945152007799479	1.2781202708215809	1.2625142711136979	1.2477706885591127	1.2339038345581554	1.220888843332435	1.2085510872546714	1.1969227435100196	1.1859179512675568	1.1754279954801283
1.3180552788587108	1.3003358949108286	1.283588255338509	1.2676816638813213	1.252660673202775	1.238527841876747	1.2252293455365635	1.2126550925516002	1.200782576487256	1.189594215610131	1.1788904953004948
1.3242686174085416	1.306196044775444	1.2891159353198538	1.2728764414412728	1.2575729143483054	1.2431638992667884	1.229604395508034	1.2167904960484413	1.2046839020041427	1.1932888705784395	1.1823826919493539
1.3304893377074392	1.3120752955706279	1.2946734761331924	1.278103898510003	1.2625523236218632	1.2478447146083804	1.2340091738072219	1.2209659942373465	1.2086011535849879	1.1969715499611224	1.1858817771431485
1.3367597607492012	1.3179807613566568	1.300253892340108	1.283415685583602	1.2675476059760664	1.252546364307224	1.2384422699915825	1.2251822123450642	1.212569311769795	1.200720517952119	1.1894146343957852
1.343062585547467	1.3239884771567374	1.3058857113716782	1.2887094284531972	1.2725779301828901	1.2572747320336657	1.2429080900989082	1.229418121924422	1.2165524056889667	1.2044870840372939	1.1929599949373086
1.3494201024924783	1.3299982210994434	1.3115516827124907	1.2940619913283482	1.2776410479174245	1.2620634608436943	1.247409741371699	1.233668252984312	1.2205864357896463	1.2083062929662873	1.1965480553051895
1.3558558446998774	1.3360960359806382	1.31726362903904	1.2994807214897481	1.2827272590122294	1.2668878993905905	1.2519609696220737	1.237939687293847	1.2246584040865873	1.2121325223217725	1.2001747622039967
1.362335591247412	1.342174821743532	1.3230513163057374	1.3049532636171033	1.2878911126640509	1.2717501546890633	1.2565689694580808	1.2422848507788398	1.2287456242298174	1.2159732780363244	1.2038203364681435
1.3688588079677793	1.348345366880643	1.3288739460091994	1.3104350222357797	1.2931224466585949	1.2766425351446253	1.2611843114559829	1.2466465326283167	1.2328526352402334	1.2198547009157685	1.2075060282349102
1.3754861140383887	1.3545727277142046	1.334734933150952	1.3159704056469597	1.298379734851487	1.281591319831302	1.2658488659444813	1.2510579087096225	1.2369983092516426	1.223795390379727	1.2112119091428897
1.3821462016893995	1.360837284435551	1.34068762457521	1.3215857634840484	1.3036893148279503	1.2866002690875582	1.2705992073859105	1.2555157417891962	1.241198674151472	1.2277462539605368	1.2149326758139773
1.3888863003020666	1.3671810364236203	1.3466556706895243	1.3272451389861546	1.3090158674526706	1.2916377709926128	1.2753554481658804	1.2600397463964028	1.2454132696333327	1.2317709362960128	1.218715499561054
1.3956795424954775	1.3735758659442188	1.35269298579963	1.3330031265976132	1.3144003670245112	1.2967231315200236	1.2801439471998812	1.264578918208845	1.2497089568981037	1.2358291152899652	1.2225286024145803
1.4025262502893352	1.3800547221824961	1.3587767702641795	1.3388004014437198	1.3198420050374975	1.301884458534066	1.2849674428919107	1.269155764933493	1.2540363458477883	1.2399046263482363	1.2263796964870566
1.409446073171206	1.3866071452228577	1.3649049557349173	1.3446244796077138	1.3253555396496173	1.3070913044391317	1.2898890157425007	1.2737567693829657	1.2583971417001312	1.244030110600243	1.230291622477169
1.4164566302963701	1.3932118949525967	1.3711339047734494	1.3505269442244094	1.3309338319652275	1.3123410542886302	1.2948345464942408	1.2784395908464141	1.2628278700062745	1.248209942786207	1.2342316164565363
1.4235347773541402	1.399886209232002	1.3774432009708821	1.3564832962966737	1.3365498160537193	1.317654796623358	1.2998279294173014	1.283138974250016	1.2672909851556	1.2524096718499957	1.2382030412747553
1.4306925185704509	1.4066199620826358	1.3838185379722758	1.3624761425947232	1.3422144394399094	1.3230248474789195	1.3049000157737403	1.2878939602872101	1.2718166892180598	1.2566774946569752	1.24223163799242
1.4379189935857046	1.4134247076145792	1.390262832328678	1.3685405764375254	1.3479587610844688	1.328421926525013	1.3100344037836833	1.2927253235457825	1.27639818246801	1.260981421361598	1.246319515257616
1.4452257907175008	1.4203554292407816	1.3967644821753553	1.374706928638158	1.353768258214646	1.333885788054524	1.3152179196328249	1.2976137834051722	1.2810281037282836	1.2653213059360153	1.2504483626155585
1.452615162057783	1.427364271260879	1.4033850946814523	1.3809402946676674	1.3596262445153433	1.339443786326291	1.3204879397986815	1.3025635696460915	1.2857197040884656	1.2697136311481692	1.2546344768450612
1.4601132616006387	1.434437293831737	1.410050966623397	1.3872284628861251	1.3655898020848762	1.3450591658410644	1.3257765607109622	1.3075434770283205	1.2904330353604991	1.2741738499702622	1.2588643818092689
1.467698719114323	1.441611674243976	1.416835049062838	1.3936189542239439	1.371611022460188	1.3507163954938344	1.331156818309017	1.3125828756217617	1.295231511610708	1.2786743621908825	1.2631259036088596
1.4754169233832162	1.4489036486616373	1.4236811648308378	1.4001272144587429	1.37772827054565	1.3564640567909632	1.3365808781596686	1.3177188120974184	1.3000966209325024	1.2832703643511307	1.2674405112992184
1.4831750694286923	1.456255464552863	1.430613595145057	1.4066799135490218	1.3839182714962002	1.3623143853587598	1.342103263053417	1.3229316462087648	1.305032050296876	1.2879025565521292	1.2718264923206533
1.4910820455453275	1.4636949800790415	1.4376515236624083	1.413363289825017	1.3902332011253489	1.3682494519475639	1.347656083160253	1.3282060001872942	1.3100279868523808	1.2926079382172653	1.2762605740213617
1.4990986038416625	1.4712685220340744	1.4447899798764856	1.4201375731463817	1.3965818991730954	1.3742590376041697	1.3533378395397084	1.3335658690292187	1.3150809280286322	1.2973904584195566	1.2807617878531379
1.507249733044786	1.4789592262300844	1.452048722087644	1.4269315959213877	1.403021537899284	1.3803579962559112	1.3590995510590036	1.3390056133454948	1.3201789076038173	1.3022147815978067	1.2853533258283698
1.515554607781176	1.4867396488598987	1.4594169857994024	1.4338796107826968	1.4095937582777531	1.38655094973879	1.3649478812707443	1.3445135367821504	1.3253986090403376	1.3071369589956936	1.2900041880379105
1.523958587682264	1.4946547018567875	1.4668893803391152	1.4409474185578452	1.416305644632385	1.3928646217106249	1.3709070326547852	1.3501577698683564	1.3307046655378014	1.3121463317067608	1.294721133786581
1.532506373510082	1.502750777384276	1.4745092355438791	1.4480927556036387	1.4230655303665596	1.3992423166240322	1.376940540089421	1.3558443905744129	1.3360876254326968	1.3172194058727809	1.2995274829982828
1.5411999582326705	1.5109213824051586	1.4822438819159873	1.4553890317576317	1.429938455209199	1.4057401170024426	1.3830713654787958	1.3616498003039919	1.3415758410953758	1.3223969498288157	1.3044024659262385
1.5499959477536653	1.5192783397741965	1.490091445433567	1.4627883123769152	1.4369104903677328	1.4123288201684348	1.3893193673388062	1.3675180427447733	1.3471568133299947	1.3276234034997967	1.3093678933018995
1.5590004572221383	1.5277835536705775	1.4980800030291017	1.4703626728563173	1.4440154877180535	1.4190546107611892	1.3956890002959677	1.3735097082746788	1.3528637976487274	1.3329614534978793	1.3144049369233493
1.5680864271642097	1.536458217287542	1.5062182683138325	1.478062300168831	1.4512915714557126	1.4259741484813864	1.4021796502076331	1.379636883900862	1.3586566343700142	1.3383941230455565	1.319541957960829
1.57739937435159	1.5452803019666597	1.5145355728826908	1.485900994384779	1.4586778093093962	1.4329755493072835	1.4087748918300667	1.3858468864609572	1.364554453949949	1.3439443182490094	1.324798503681822
1.5869202093899335	1.554229647735211	1.5229707076467824	1.4938743004371793	1.4662215323007954	1.4400712904742263	1.4154876740558353	1.3921837914999624	1.370554409219828	1.3496129489489452	1.3301530363092373
1.596617893399069	1.5634237033875635	1.5316005903912935	1.5020292635242225	1.473902930011467	1.4473618023895056	1.422361273440483	1.3986488941127413	1.3766921689757359	1.3553948713324473	1.335571571029601
1.6065701634384257	1.572736554663764	1.54046269471688	1.510368328332196	1.4817646514064797	1.4548181831089568	1.4293769200931137	1.405319720113246	1.3829646050996953	1.3613046807145817	1.3411682929718032
1.6166803233303404	1.5823261323451887	1.5495079892424695	1.518914960144247	1.489787786205798	1.4624113099055096	1.4365354986083776	1.4120229996146734	1.389379509019581	1.3673114860257993	1.3468806166531104
1.626972056594652	1.5921531969820473	1.5587464764261532	1.527639678097496	1.498019998168077	1.470232656373739	1.4438816125686205	1.4189578042115594	1.3959456141971276	1.3735360986892553	1.3527118458931533
1.6376206084844147	1.602182438498778	1.5682508065244416	1.5365621421948785	1.506496391752433	1.4782292976587217	1.4513807752038559	1.4260691257940459	1.4026356507361766	1.3798791266956951	1.3586900438165537
1.6485425145278707	1.6124852765848348	1.577997245475378	1.5457404826016117	1.515133053082633	1.4864132692472314	1.459122420263561	1.4333410852094026	1.4094971859238368	1.3863841687984835	1.3648285049185263
1.6597245478410925	1.623089132998356	1.5879780626254436	1.5551478635894143	1.524002094049947	1.4947997486964422	1.46703162948997	1.440891737527461	1.416582129275662	1.3930570456146452	1.3710946106674993
1.6712330875782855	1.6339011735056899	1.5982344892465283	1.5648417593535562	1.5331206096438226	1.5033866194366152	1.4751764896620916	1.4485768191021695	1.4238478211583194	1.3998949959619111	1.3775632227589703
1.6830248906441263	1.645036551627419	1.6087774050781858	1.5748530225249466	1.542556085447894	1.5122465009869313	1.4835570662816748	1.4564730642221229	1.4313010257668604	1.406938133597234	1.3842183356627857
1.695205241659483	1.6564696527479517	1.6196173972615966	1.5851790778293997	1.5522896146664407	1.5213917894800442	1.4921736556394625	1.4646164024157349	1.4389812864801628	1.4142286074399681	1.3910686428590693
1.7077732484137162	1.6683287632078811	1.6308748014408514	1.5957639796637713	1.5622892998028444	1.5308378804171874	1.5010987945143808	1.4730278686990104	1.4469029405613887	1.4217452598358722	1.3981790725367376
1.7207516163557237	1.6805565004513823	1.6424757693209495	1.606686006362497	1.5726280576262466	1.5405593647676321	1.5103098734852007	1.4817492736931854	1.455124237581893	1.4295108639825145	1.4054991134799475
1.7341997943533156	1.693358334272098	1.6545087249000914	1.61803436283731	1.5832870194228534	1.5506691626183045	1.519832106564582	1.4907803329792622	1.4636006620874373	1.4375018986846375	1.41305793980155
1.7481399536091604	1.7065405067105701	1.6669571910977408	1.6298073608353347	1.594402874412068	1.5611641910511358	1.5297381119056785	1.5000899979108775	1.4724105856559746	1.4458190186315178	1.4209085880797687
1.7626561028952494	1.7202813237731747	1.6798666982860628	1.6420973911729593	1.6058399493980327	1.572028661739361	1.539952949988646	1.5097374293862027	1.4815900950951886	1.4544646406188604	1.4290808553486487
1.7778135895400704	1.7345956404335863	1.693345089322852	1.6548491786773352	1.6178756736871438	1.5834480252940397	1.550621274729725	1.5198494102947355	1.4911556217264166	1.4634405622335585	1.4376066623918453
1.7936001764826226	1.749499409250395	1.7074523639492591	1.6681632885973454	1.6304134823209113	1.5952732530048286	1.561750226280871	1.5304282099000555	1.5010913716595635	1.4728973710064943	1.4465291750042888
1.8101324256721716	1.7651042482573565	1.722213272418444	1.6820633665830418	1.6435739540483951	1.6077126969348028	1.5735131775313782	1.5414583220571423	1.5115896241725155	1.4828086984361866	1.4558392414250876
1.8276625705929808	1.7816005945805222	1.7378456846704553	1.696708534102324	1.6574358534698947	1.6207932033692711	1.585845883669799	1.5530843402586307	1.5226089659502378	1.4932115249660745	1.4656671034045308
1.8460258518844066	1.7989717571147665	1.7542590100198274	1.7122899241751515	1.672075576981042	1.6346289655140502	1.598836010136572	1.5653926227738078	1.5341438369606	1.504152962628543	1.4759835203883818
1.865441993468699	1.817415016568011	1.771661578456236	1.7287671647696141	1.687614731865791	1.649226926086705	1.6126831077513966	1.578390749758659	1.5464822216873764	1.5158060578027754	1.486871290614453
1.8861936353408644	1.8370766054031593	1.7901580842728109	1.7461604674103737	1.7041133803811734	1.6648775989238573	1.627337390407616	1.5922840680874975	1.559578570888966	1.5281826114575143	1.498517340602851
1.9084221734759244	1.858150568046101	1.810100451667006	1.7648562910519354	1.7219034051128757	1.681560813691387	1.6430848118913532	1.607224506258807	1.57364177950394	1.541427487417773	1.5110427555800043
1.932588953139431	1.8808687423593549	1.8316155051580458	1.785175775947036	1.7409660875460706	1.699563150245135	1.6600731794818877	1.6233250501055565	1.5888932660596975	1.5557067354970417	1.5245551433316729
1.9587495245340734	1.9055973600299216	1.8549908632076217	1.807042874413628	1.7617721408260434	1.7193449528606093	1.6785585023064413	1.6408492032445068	1.605463537266144	1.5712908609173648	1.5393370619950568
1.9876239938582485	1.932917049886475	1.880690492761968	1.8313458255552273	1.7846795883016455	1.7409038965219727	1.6989405210378885	1.6601157213693627	1.6237352980132052	1.5885110220689789	1.5556502611661864
2.0198990631606217	1.963400258882422	1.9095486955823826	1.8585296034368	1.8102333716469692	1.765005331069392	1.7217096437387418	1.6816894687937034	1.6441716846751329	1.6077457823531494	1.5737620499786145
2.05686015097092	1.998087909178072	1.9422976903333298	1.8894797008232684	1.8391784984750035	1.7925397855778433	1.7476031219954116	1.7061448835698216	1.6672361796738426	1.6296635792824752	1.5943566641883906
2.0996099592914614	2.0385129879489603	1.980408827443619	1.925442032383233	1.8731109389958427	1.8246909867483216	1.7778411232177298	1.7345321593751901	1.6941497666610184	1.6552266236987379	1.6184683413893555
2.1511219631677063	2.08730720503661	2.0262658196878545	1.968821683938569	1.914198911619021	1.86314004011947	1.8144042241862595	1.7689676447892724	1.7268266591301733	1.6859961622790343	1.6474273889481832
2.216920419415925	2.149146259374352	2.084901534483292	2.0244661466157563	1.9664749218699893	1.9124761608058534	1.8608618192765838	1.8130485277659762	1.7682888629106517	1.7253612146200024	1.6843141005298425
2.3101662152578406	2.236908954354247	2.1678110672380453	2.1031507595542913	2.0408683819319453	1.9823939628777647	1.9266057231238911	1.8754832974643056	1.8270632605044637	1.7811743579447148	1.7367851967153507
2.480415493563642	2.3984709261690424	2.319483118455517	2.246022910017424	2.1757046417908956	2.1090996912517577	2.0465348089727513	1.989151284484561	1.9340577437625546	1.8819298770501585	1.8332380041832308
